

**********************************************************************************************
**                                   Basic Information                                      **
**********************************************************************************************

----------------- Dataset Information -----------------
                         Country: Bulgaria
                    Country dode: BGR
                       Data Year: 2007
                        Coverage: National
             Welfare measurement: Consumption
                     Data format: Unit record
                     Data source: BGR_N2007X
                  Data time span: UnDefined
-------------------------------------------------------


----------- Distribution ------------
   i           P           L 
-------------------------------------
   0    0.010154   0.0015107
   1    0.020226   0.0038449
   2    0.030052   0.0064915
   3    0.040124   0.0095079
   4    0.050197    0.012749
   5    0.060023    0.016155
   6    0.070013    0.019891
   7    0.080003    0.023889
   8    0.090075    0.028177
   9     0.10015    0.032687
  10     0.11014    0.037272
  11     0.12021    0.042076
  12      0.1302    0.046996
  13     0.14003    0.051972
  14     0.15018    0.057273
  15     0.16042    0.062752
  16     0.17041    0.068197
  17     0.18015    0.073623
  18     0.19055    0.079529
  19     0.20013    0.085078
  20      0.2102     0.09101
  21     0.22011     0.09696
  22     0.23002     0.10301
  23     0.24026     0.10938
  24        0.25     0.11558
  25      0.2604      0.1223
  26     0.27014      0.1287
  27     0.28022     0.13543
  28     0.29004     0.14209
  29     0.30028     0.14916
  30     0.31002       0.156
  31     0.32001      0.1631
  32     0.33017     0.17041
  33     0.34016     0.17771
  34     0.35015      0.1851
  35      0.3603     0.19269
  36     0.37005     0.20008
  37     0.38036     0.20802
  38     0.39011     0.21563
  39     0.40018     0.22361
  40     0.41025     0.23168
  41     0.42016     0.23971
  42     0.43015     0.24791
  43     0.44022     0.25629
  44     0.45038     0.26483
  45     0.46004     0.27304
  46     0.47003     0.28163
  47     0.48018     0.29044
  48     0.49017     0.29921
  49     0.50008       0.308
  50     0.51024     0.31713
  51     0.52006     0.32605
  52     0.53013     0.33529
  53     0.54012     0.34457
  54     0.55003     0.35391
  55     0.56002     0.36343
  56      0.5701     0.37316
  57        0.58     0.38283
  58     0.59008     0.39278
  59     0.60015     0.40281
  60     0.61006     0.41285
  61     0.62005     0.42312
  62     0.63028     0.43377
  63     0.64003     0.44403
  64     0.65002     0.45467
  65     0.66001     0.46545
  66     0.67024     0.47663
  67      0.6804     0.48784
  68     0.69006     0.49863
  69     0.70005     0.50995
  70     0.71012     0.52151
  71     0.72003     0.53304
  72      0.7301     0.54493
  73     0.74009     0.55691
  74     0.75016     0.56921
  75      0.7604     0.58187
  76     0.77023     0.59421
  77     0.78013     0.60682
  78     0.79004     0.61963
  79     0.80011     0.63287
  80      0.8101     0.64624
  81     0.82034     0.66017
  82     0.83017     0.67376
  83     0.84024     0.68794
  84     0.85015     0.70215
  85     0.86006     0.71666
  86     0.87013     0.73172
  87     0.88004     0.74686
  88     0.89003     0.76244
  89     0.90002     0.77845
  90     0.91017     0.79523
  91     0.92032     0.81248
  92     0.93007     0.82963
  93     0.94014     0.84818
  94     0.95021     0.86772
  95     0.96012     0.88813
  96     0.97019      0.9102
  97     0.98002     0.93376
  98     0.99026     0.96137
  99           1           1
-----------------------------------------

----------------- PPP$ and local currency --------------
         PPP used in computation: 0.765068
     Data mean in local currency: 234.421
               Data mean in PPP$: 377.638
        Poverty line in PPP$/Day: 1.9
      Poverty line in PPP$/Month: 57.7917
  Poverty line in local currency: 35.8745
-------------------------------------------------------

----------------- Estimation result --------------
     Number of observation: 4300
          Total population: 7.65976E+06
              Total wealth: 2.34699E+09(PPP$)
                   Minimum: 12.681(PPP$)
                   Maximum: 2218.85(PPP$)
             Headcount(HC): 0.00417622
          Poverty gap (PG): 0.00116096
       Poverty gap squared: 0.000564397
                      Gini: 0.281363
                    Median: 337.177
                       MLD: 0.138225
                      Watt: 0.00164679
--------------------------------------------------

-------------------------------- Income or Consumption share by deciles (%) -------------------------------------
     3.2621     5.2381     6.3966     7.4504     8.4457     9.4738     10.722     12.283      14.57     22.157
-----------------------------------------------------------------------------------------------------------------


