

**********************************************************************************************
**                                   Basic Information                                      **
**********************************************************************************************

----------------- Dataset Information -----------------
                         Country: Hungary
                    Country dode: HUN
                       Data Year: 2006
                        Coverage: National
             Welfare measurement: Consumption
                     Data format: Unit record
                     Data source: HUN_N2006X
                  Data time span: UnDefined
-------------------------------------------------------


----------- Distribution ------------
   i           P           L 
-------------------------------------
   0     0.01032   0.0022366
   1     0.02015   0.0048181
   2    0.030064   0.0078155
   3    0.040205     0.01118
   4    0.050061    0.014757
   5    0.060116    0.018613
   6    0.070198    0.022662
   7     0.08007    0.026808
   8    0.090004    0.031143
   9     0.10008    0.035688
  10     0.11017    0.040387
  11     0.12011    0.045144
  12     0.13005    0.050015
  13     0.14005    0.055008
  14     0.15008    0.060135
  15     0.16015    0.065419
  16     0.17005    0.070738
  17     0.18006    0.076222
  18     0.19013    0.081831
  19     0.20001    0.087437
  20     0.21003    0.093233
  21     0.22022     0.09923
  22     0.23004      0.1051
  23     0.24014     0.11124
  24     0.25005     0.11736
  25     0.26009     0.12365
  26     0.27002     0.12997
  27     0.28009     0.13647
  28     0.29009     0.14304
  29     0.30001     0.14965
  30     0.31005     0.15645
  31     0.32002     0.16329
  32     0.33009      0.1703
  33     0.34001      0.1773
  34     0.35007     0.18447
  35     0.36003     0.19169
  36     0.37002     0.19902
  37     0.38002     0.20645
  38     0.39004     0.21401
  39     0.40002     0.22165
  40        0.41     0.22938
  41     0.42014     0.23733
  42     0.43011     0.24524
  43     0.44006     0.25323
  44     0.45028     0.26156
  45     0.46013     0.26967
  46     0.47018     0.27804
  47     0.48021     0.28649
  48      0.4901     0.29492
  49      0.5001     0.30352
  50     0.51012     0.31223
  51     0.52001     0.32094
  52     0.53001     0.32984
  53     0.54008     0.33891
  54     0.55006     0.34805
  55     0.56006     0.35733
  56     0.57007     0.36673
  57     0.58005     0.37619
  58     0.59015     0.38592
  59     0.60008     0.39561
  60      0.6101      0.4055
  61     0.62014     0.41554
  62     0.63008      0.4256
  63     0.64004     0.43581
  64      0.6501     0.44625
  65     0.66009     0.45676
  66     0.67005     0.46736
  67     0.68001      0.4781
  68     0.69002     0.48904
  69     0.70005     0.50017
  70     0.71005     0.51143
  71     0.72001      0.5228
  72     0.73026     0.53468
  73     0.74009     0.54623
  74     0.75006     0.55816
  75     0.76002     0.57026
  76     0.77017     0.58282
  77     0.78002     0.59522
  78     0.79003     0.60803
  79         0.8       0.621
  80     0.81001     0.63424
  81     0.82004      0.6478
  82     0.83007     0.66161
  83     0.84003      0.6756
  84     0.85008     0.69005
  85     0.86003     0.70468
  86     0.87007     0.71979
  87     0.88005     0.73528
  88     0.89005     0.75123
  89     0.90001     0.76759
  90     0.91002      0.7846
  91     0.92002     0.80216
  92     0.93004      0.8204
  93     0.94001     0.83944
  94     0.95004      0.8597
  95     0.96002     0.88114
  96     0.97001     0.90406
  97     0.98006      0.9297
  98     0.99005     0.95912
  99           1           1
-----------------------------------------

----------------- PPP$ and local currency --------------
         PPP used in computation: 137.883
     Data mean in local currency: 55535.5
               Data mean in PPP$: 523.912
        Poverty line in PPP$/Day: 1.9
      Poverty line in PPP$/Month: 57.7917
  Poverty line in local currency: 6126
-------------------------------------------------------

----------------- Estimation result --------------
     Number of observation: 8973
          Total population: 9.92104E+06
              Total wealth: 3.99593E+09(PPP$)
                   Minimum: 63.015(PPP$)
                   Maximum: 4657.63(PPP$)
             Headcount(HC): 0
          Poverty gap (PG): 0
       Poverty gap squared: 0
                      Gini: 0.289589
                    Median: 452.966
                       MLD: 0.139009
                      Watt: 0
--------------------------------------------------

-------------------------------- Income or Consumption share by deciles (%) -------------------------------------
     3.5654      5.178     6.2213     7.1988     8.1798     9.2101     10.459     12.087     14.657     23.243
-----------------------------------------------------------------------------------------------------------------


