

**********************************************************************************************
**                                   Basic Information                                      **
**********************************************************************************************

----------------- Dataset Information -----------------
                         Country: Lithuania
                    Country dode: LTU
                       Data Year: 2008
                        Coverage: National
             Welfare measurement: Income
                     Data format: Unit record
                     Data source: LTU_N2008Y
                  Data time span: UnDefined
-------------------------------------------------------


----------- Distribution ------------
   i           P           L 
-------------------------------------
   0    0.011552  0.00020653
   1    0.020287   0.0010035
   2    0.031288   0.0027276
   3    0.040918   0.0047086
   4    0.050281   0.0069387
   5    0.060066   0.0095567
   6    0.070009     0.01248
   7      0.0805    0.015773
   8    0.091868    0.019557
   9     0.10002    0.022396
  10     0.11013     0.02607
  11     0.12015    0.029874
  12     0.13021    0.033855
  13     0.14036    0.038012
  14     0.15023    0.042211
  15      0.1601    0.046621
  16     0.17014    0.051272
  17     0.18012    0.056008
  18     0.19031    0.061025
  19     0.20031    0.066074
  20     0.21008    0.071119
  21     0.22265    0.077776
  22     0.23012    0.081806
  23     0.24042    0.087442
  24     0.25006    0.092801
  25      0.2606     0.09877
  26     0.27027     0.10435
  27     0.28043     0.11031
  28     0.29007     0.11606
  29     0.30044     0.12235
  30     0.31002     0.12827
  31     0.32043     0.13478
  32     0.33011     0.14092
  33     0.34015     0.14737
  34        0.35     0.15379
  35     0.36021     0.16052
  36     0.37006     0.16713
  37     0.38049     0.17422
  38     0.39006     0.18082
  39     0.40012     0.18785
  40     0.41115     0.19567
  41     0.42021     0.20216
  42     0.43028      0.2095
  43     0.44044     0.21703
  44     0.45004     0.22423
  45     0.46021     0.23195
  46     0.47001     0.23951
  47     0.48006     0.24736
  48     0.49039     0.25557
  49      0.5001     0.26344
  50     0.51044     0.27195
  51     0.52009        0.28
  52     0.53007     0.28841
  53     0.54006     0.29693
  54     0.55023      0.3057
  55     0.56013     0.31438
  56     0.57063     0.32367
  57      0.5807     0.33268
  58     0.59034     0.34139
  59     0.60001     0.35028
  60     0.61029     0.35989
  61     0.62019     0.36929
  62     0.63015     0.37895
  63     0.64103     0.38971
  64     0.65003      0.3987
  65     0.66007     0.40891
  66     0.67049     0.41967
  67     0.68009     0.42977
  68     0.69016      0.4405
  69     0.70008     0.45124
  70     0.71069      0.4629
  71     0.72015     0.47346
  72     0.73039      0.4851
  73        0.74     0.49622
  74     0.75042     0.50853
  75     0.76078     0.52106
  76     0.77006     0.53255
  77     0.78008     0.54524
  78     0.79018     0.55833
  79     0.80045     0.57197
  80     0.81004     0.58495
  81     0.82015     0.59896
  82     0.83026     0.61327
  83     0.84037     0.62789
  84     0.85008     0.64222
  85     0.86004     0.65742
  86     0.87044     0.67385
  87     0.88011     0.68966
  88     0.89054     0.70718
  89     0.90005     0.72357
  90     0.91114     0.74346
  91      0.9201     0.76025
  92     0.93012     0.77983
  93     0.94043     0.80079
  94     0.95018     0.82185
  95     0.96007     0.84482
  96     0.97001     0.87012
  97     0.98017     0.89945
  98     0.99012     0.93336
  99           1           1
-----------------------------------------

----------------- PPP$ and local currency --------------
         PPP used in computation: 1.78586
     Data mean in local currency: 1111.57
               Data mean in PPP$: 685.939
        Poverty line in PPP$/Day: 1.9
      Poverty line in PPP$/Month: 57.7917
  Poverty line in local currency: 93.6517
-------------------------------------------------------

----------------- Estimation result --------------
     Number of observation: 4806
          Total population: 3.18386E+06
              Total wealth: 1.98172E+09(PPP$)
                   Minimum: -452.071(PPP$)
                   Maximum: 8799.06(PPP$)
             Headcount(HC): 0.0143063
          Poverty gap (PG): 0.00952307
       Poverty gap squared: 0.0129269
                      Gini: 0.357674
                    Median: 560.712
                       MLD: 0.272534
                      Watt: 0.0083925
--------------------------------------------------

-------------------------------- Income or Consumption share by deciles (%) -------------------------------------
      2.239     4.3529     5.6163     6.5685     7.5591     8.6913     10.087     12.022     15.212     27.651
-----------------------------------------------------------------------------------------------------------------


