

**********************************************************************************************
**                                   Basic Information                                      **
**********************************************************************************************

----------------- Dataset Information -----------------
                         Country: Lithuania
                    Country dode: LTU
                       Data Year: 2004
                        Coverage: National
             Welfare measurement: Consumption
                     Data format: Unit record
                     Data source: LTU_N2004X
                  Data time span: UnDefined
-------------------------------------------------------


----------- Distribution ------------
   i           P           L 
-------------------------------------
   0    0.010037   0.0016541
   1    0.020092   0.0037426
   2    0.030064   0.0061399
   3    0.040063   0.0087932
   4    0.050007    0.011642
   5    0.060344    0.014791
   6    0.070076    0.017884
   7    0.080078     0.02123
   8    0.090003    0.024695
   9     0.10011    0.028357
  10     0.11007    0.032099
  11     0.12009    0.035995
  12     0.13004    0.039987
  13     0.14001    0.044096
  14     0.15003    0.048344
  15     0.16016    0.052787
  16     0.17001    0.057238
  17     0.18009    0.061933
  18      0.1901    0.066701
  19     0.20005    0.071523
  20     0.21004    0.076471
  21     0.22007    0.081532
  22     0.23005    0.086659
  23     0.24002    0.091888
  24     0.25006    0.097253
  25     0.26001     0.10268
  26     0.27005     0.10825
  27     0.28003      0.1139
  28     0.29002     0.11965
  29     0.30009     0.12556
  30     0.31008     0.13152
  31     0.32007     0.13759
  32     0.33002     0.14375
  33     0.34008     0.15011
  34     0.35015     0.15656
  35        0.36     0.16295
  36     0.37003     0.16957
  37     0.38003     0.17626
  38     0.39006     0.18306
  39     0.40008     0.18995
  40     0.41002     0.19688
  41     0.42003     0.20398
  42     0.43002     0.21116
  43     0.44008     0.21851
  44     0.45012     0.22597
  45     0.46015     0.23353
  46     0.47014     0.24116
  47     0.48014     0.24894
  48     0.49005     0.25676
  49     0.50008     0.26478
  50     0.51008      0.2729
  51     0.52007     0.28111
  52     0.53007     0.28943
  53     0.54013     0.29795
  54     0.55019      0.3066
  55     0.56036     0.31549
  56     0.57043     0.32441
  57        0.58     0.33298
  58     0.59012     0.34217
  59     0.60005     0.35134
  60        0.61     0.36067
  61     0.62057     0.37071
  62     0.63002     0.37981
  63     0.64003     0.38957
  64     0.65012     0.39956
  65     0.66062     0.41013
  66     0.67007     0.41975
  67     0.68001     0.43003
  68        0.69     0.44054
  69     0.70011     0.45139
  70     0.71003     0.46223
  71     0.72013     0.47351
  72     0.73001     0.48477
  73     0.74008     0.49654
  74     0.75007     0.50849
  75     0.76005      0.5207
  76     0.77025     0.53342
  77     0.78004     0.54587
  78     0.79003     0.55885
  79     0.80008     0.57215
  80        0.81     0.58558
  81     0.82012     0.59964
  82     0.83001     0.61367
  83     0.84017     0.62849
  84     0.85008     0.64337
  85     0.86009      0.6589
  86     0.87014     0.67505
  87     0.88034     0.69196
  88     0.89002     0.70851
  89     0.90003     0.72614
  90     0.91023     0.74493
  91     0.92032     0.76433
  92     0.93007     0.78388
  93     0.94004     0.80483
  94        0.95     0.82697
  95     0.96017     0.85104
  96     0.97004     0.87686
  97     0.98003     0.90723
  98     0.99005     0.94405
  99           1           1
-----------------------------------------

----------------- PPP$ and local currency --------------
         PPP used in computation: 1.78586
     Data mean in local currency: 557.73
               Data mean in PPP$: 429.844
        Poverty line in PPP$/Day: 1.9
      Poverty line in PPP$/Month: 57.7917
  Poverty line in local currency: 74.9858
-------------------------------------------------------

----------------- Estimation result --------------
     Number of observation: 7965
          Total population: 3.44586E+06
              Total wealth: 1.07615E+09(PPP$)
                   Minimum: 20.7999(PPP$)
                   Maximum: 5510.45(PPP$)
             Headcount(HC): 0.00109206
          Poverty gap (PG): 0.000250881
       Poverty gap squared: 9.17372E-05
                      Gini: 0.35204
                    Median: 346.976
                       MLD: 0.207291
                      Watt: 0.000316509
--------------------------------------------------

-------------------------------- Income or Consumption share by deciles (%) -------------------------------------
     2.8318     4.3183     5.3999     6.4395     7.4823      8.657     9.9985     12.077     15.405     27.391
-----------------------------------------------------------------------------------------------------------------


