

**********************************************************************************************
**                                   Basic Information                                      **
**********************************************************************************************

----------------- Dataset Information -----------------
                         Country: Latvia
                    Country dode: LVA
                       Data Year: 2009
                        Coverage: National
             Welfare measurement: Consumption
                     Data format: Unit record
                     Data source: LVA_N2009X
                  Data time span: UnDefined
-------------------------------------------------------


----------- Distribution ------------
   i           P           L 
-------------------------------------
   0    0.010048   0.0013551
   1    0.020702   0.0035346
   2    0.030295    0.005786
   3    0.040181   0.0083791
   4    0.050141     0.01117
   5    0.060054    0.014086
   6    0.070022    0.017181
   7    0.080487    0.020641
   8    0.090081    0.023976
   9     0.10006     0.02756
  10      0.1106    0.031483
  11     0.12014    0.035138
  12     0.13002    0.039046
  13     0.14008    0.043155
  14     0.15047    0.047519
  15     0.16003    0.051603
  16     0.17006    0.056018
  17     0.18001    0.060518
  18     0.19004    0.065175
  19      0.2002    0.070037
  20     0.21028    0.074982
  21     0.22007    0.079904
  22        0.23    0.085031
  23     0.24002    0.090292
  24     0.25006    0.095675
  25     0.26024     0.10124
  26     0.27023     0.10679
  27     0.28019     0.11241
  28     0.29061      0.1184
  29         0.3     0.12388
  30     0.31148      0.1307
  31     0.32005     0.13589
  32     0.33016     0.14217
  33     0.34005     0.14845
  34     0.35002      0.1549
  35     0.36072     0.16193
  36      0.3702     0.16824
  37     0.38002     0.17485
  38     0.39013     0.18174
  39     0.40015     0.18869
  40     0.41006     0.19568
  41     0.42034      0.2031
  42     0.43004     0.21016
  43     0.44012     0.21762
  44     0.45006     0.22505
  45     0.46018     0.23274
  46      0.4703     0.24055
  47     0.48063     0.24866
  48     0.49002     0.25611
  49         0.5     0.26417
  50     0.51034     0.27265
  51      0.5201     0.28078
  52     0.53007     0.28921
  53     0.54024     0.29795
  54     0.55005      0.3065
  55     0.56016     0.31546
  56      0.5704     0.32469
  57     0.58154     0.33494
  58     0.59012     0.34294
  59     0.60009     0.35245
  60     0.61016     0.36223
  61     0.62018     0.37212
  62      0.6302     0.38216
  63     0.64002     0.39216
  64     0.65004     0.40253
  65     0.66022     0.41319
  66     0.67024     0.42381
  67     0.68001     0.43432
  68        0.69     0.44529
  69     0.70294     0.45986
  70     0.71021     0.46817
  71     0.72014     0.47969
  72      0.7301     0.49145
  73     0.74009      0.5034
  74     0.75035      0.5159
  75     0.76014     0.52803
  76     0.77032     0.54086
  77     0.78018     0.55351
  78     0.79011      0.5665
  79     0.80007      0.5797
  80     0.81007     0.59322
  81     0.82003     0.60702
  82     0.83036     0.62168
  83     0.84004     0.63577
  84     0.85099     0.65217
  85     0.86024     0.66639
  86     0.87008     0.68205
  87     0.88008     0.69854
  88     0.89028     0.71591
  89     0.90002     0.73298
  90     0.91007      0.7512
  91     0.92009     0.77032
  92     0.93002     0.79022
  93     0.94045      0.8124
  94     0.95003     0.83407
  95     0.96029     0.85912
  96     0.97002     0.88554
  97     0.98059     0.91772
  98     0.99001     0.95084
  99           1           1
-----------------------------------------

----------------- PPP$ and local currency --------------
         PPP used in computation: 0.40318
     Data mean in local currency: 194.26
               Data mean in PPP$: 497.52
        Poverty line in PPP$/Day: 1.9
      Poverty line in PPP$/Month: 57.7917
  Poverty line in local currency: 22.5651
-------------------------------------------------------

----------------- Estimation result --------------
     Number of observation: 4358
          Total population: 2.22796E+06
              Total wealth: 1.07347E+09(PPP$)
                   Minimum: 38.5948(PPP$)
                   Maximum: 7428.86(PPP$)
             Headcount(HC): 0.0029252
          Poverty gap (PG): 0.000453215
       Poverty gap squared: 9.43422E-05
                      Gini: 0.348317
                    Median: 405.083
                       MLD: 0.205186
                      Watt: 0.000510415
--------------------------------------------------

-------------------------------- Income or Consumption share by deciles (%) -------------------------------------
     2.7539       4.24     5.3937      6.471     7.5583     8.8189     10.419     12.306     15.334     26.705
-----------------------------------------------------------------------------------------------------------------


