

**********************************************************************************************
**                                   Basic Information                                      **
**********************************************************************************************

----------------- Dataset Information -----------------
                         Country: Mexico
                    Country dode: MEX
                       Data Year: 1998
                        Coverage: National
             Welfare measurement: Consumption
                     Data format: Unit record
                     Data source: MEX_N1998X
                  Data time span: UnDefined
-------------------------------------------------------


----------- Distribution ------------
   i           P           L 
-------------------------------------
   0    0.010212  0.00068971
   1     0.02034   0.0016989
   2    0.030036   0.0028224
   3    0.040131   0.0041484
   4    0.050198   0.0056026
   5    0.060165    0.007138
   6    0.070035   0.0087768
   7     0.08012    0.010587
   8    0.090353    0.012538
   9     0.10016    0.014522
  10      0.1101    0.016649
  11     0.12001    0.018856
  12     0.13011    0.021229
  13      0.1402    0.023721
  14     0.15006    0.026266
  15     0.16001    0.028925
  16     0.17006    0.031706
  17     0.18004    0.034558
  18     0.19003    0.037519
  19      0.2001    0.040607
  20     0.21048    0.043884
  21     0.22016    0.047031
  22     0.23017    0.050395
  23     0.24011    0.053839
  24     0.25003    0.057377
  25     0.26062    0.061268
  26     0.27002     0.06483
  27     0.28002    0.068735
  28     0.29027    0.072854
  29     0.30017     0.07694
  30     0.31013    0.081158
  31      0.3201    0.085493
  32     0.33002    0.089903
  33     0.34001    0.094435
  34     0.35018    0.099138
  35     0.36018     0.10389
  36     0.37011     0.10872
  37      0.3801     0.11367
  38     0.39005     0.11871
  39     0.40001     0.12386
  40     0.41013     0.12919
  41     0.42007     0.13451
  42     0.43014     0.14003
  43        0.44     0.14556
  44     0.45013     0.15136
  45     0.46033     0.15732
  46     0.47022     0.16321
  47      0.4801     0.16921
  48     0.49027     0.17552
  49     0.50002     0.18174
  50     0.51004      0.1883
  51     0.52002     0.19496
  52     0.53002     0.20178
  53     0.54007     0.20879
  54        0.55      0.2159
  55      0.5601      0.2233
  56     0.57035     0.23102
  57     0.58004     0.23845
  58     0.59006      0.2463
  59     0.60006     0.25432
  60     0.61004     0.26246
  61        0.62     0.27077
  62     0.63013     0.27942
  63     0.64012     0.28814
  64        0.65     0.29694
  65     0.66063     0.30666
  66     0.67004     0.31545
  67     0.68003     0.32503
  68     0.69004     0.33488
  69     0.70003     0.34498
  70     0.71007     0.35534
  71     0.72002     0.36582
  72     0.73005     0.37662
  73     0.74005     0.38768
  74     0.75004     0.39905
  75        0.76      0.4107
  76     0.77008     0.42286
  77     0.78021     0.43548
  78     0.79005     0.44812
  79     0.80013      0.4614
  80     0.81001     0.47483
  81     0.82009     0.48899
  82     0.83009     0.50357
  83     0.84005     0.51862
  84     0.85007     0.53436
  85     0.86007     0.55067
  86     0.87012     0.56759
  87     0.88002     0.58496
  88     0.89012     0.60354
  89     0.90001     0.62281
  90     0.91009     0.64353
  91     0.92004     0.66537
  92     0.93001     0.68892
  93     0.94022     0.71502
  94     0.95001     0.74239
  95     0.96046     0.77465
  96     0.97003     0.80759
  97     0.98003     0.84769
  98     0.99013     0.90175
  99           1           1
-----------------------------------------

----------------- PPP$ and local currency --------------
         PPP used in computation: 8.94021
     Data mean in local currency: 977.886
               Data mean in PPP$: 226.037
        Poverty line in PPP$/Day: 1.9
      Poverty line in PPP$/Month: 57.7917
  Poverty line in local currency: 250.02
-------------------------------------------------------

----------------- Estimation result --------------
     Number of observation: 10944
          Total population: 9.52745E+07
              Total wealth: 1.04212E+10(PPP$)
                   Minimum: 1.14348(PPP$)
                   Maximum: 3914.28(PPP$)
             Headcount(HC): 0.142917
          Poverty gap (PG): 0.0474356
       Poverty gap squared: 0.0218405
                      Gini: 0.489695
                    Median: 146.588
                       MLD: 0.426288
                      Watt: 0.0663064
--------------------------------------------------

-------------------------------- Income or Consumption share by deciles (%) -------------------------------------
     1.4489     2.6087     3.6293     4.6989     5.7871     7.2539     9.0682     11.627     16.157     37.721
-----------------------------------------------------------------------------------------------------------------


