

**********************************************************************************************
**                                   Basic Information                                      **
**********************************************************************************************

----------------- Dataset Information -----------------
                         Country: Mexico
                    Country dode: MEX
                       Data Year: 2004
                        Coverage: National
             Welfare measurement: Consumption
                     Data format: Unit record
                     Data source: MEX_N2004X
                  Data time span: UnDefined
-------------------------------------------------------


----------- Distribution ------------
   i           P           L 
-------------------------------------
   0     0.01003 -0.00074373
   1    0.020007  0.00031558
   2        0.03   0.0015999
   3    0.040047   0.0030806
   4    0.050148   0.0047528
   5    0.060061   0.0065508
   6    0.070038   0.0084933
   7    0.080008    0.010579
   8    0.090064    0.012809
   9     0.10024    0.015219
  10     0.11011    0.017661
  11        0.12    0.020226
  12      0.1301     0.02298
  13     0.14003    0.025801
  14     0.15007    0.028754
  15      0.1603    0.031891
  16     0.17003     0.03498
  17     0.18021    0.038309
  18     0.19001    0.041637
  19         0.2    0.045149
  20     0.21008    0.048802
  21     0.22024    0.052617
  22     0.23008    0.056399
  23        0.24    0.060314
  24     0.25002    0.064388
  25     0.26005    0.068557
  26     0.27004    0.072806
  27     0.28001    0.077149
  28      0.2903    0.081747
  29     0.30004    0.086194
  30     0.31003     0.09088
  31        0.32    0.095673
  32     0.33001      0.1006
  33     0.34004     0.10564
  34     0.35005     0.11077
  35     0.36005     0.11601
  36     0.37003     0.12135
  37     0.38001      0.1268
  38     0.39003     0.13239
  39     0.40006     0.13809
  40      0.4101     0.14393
  41        0.42     0.14979
  42     0.43067     0.15623
  43     0.44001     0.16197
  44     0.45023     0.16838
  45     0.46003     0.17462
  46      0.4701     0.18115
  47     0.48005     0.18773
  48     0.49001     0.19443
  49     0.50003     0.20131
  50        0.51     0.20828
  51     0.52006     0.21544
  52     0.53004     0.22269
  53     0.54001     0.23006
  54     0.55004     0.23763
  55     0.56004     0.24533
  56     0.57001     0.25317
  57     0.58001     0.26119
  58     0.59009     0.26945
  59     0.60009     0.27778
  60      0.6101      0.2863
  61     0.62035     0.29521
  62     0.63001     0.30377
  63     0.64225     0.31486
  64     0.65006     0.32204
  65     0.66006     0.33136
  66     0.67005     0.34087
  67     0.68004     0.35062
  68     0.69017     0.36071
  69     0.70007     0.37077
  70        0.71     0.38109
  71     0.72012     0.39182
  72     0.73008     0.40261
  73     0.74003     0.41368
  74        0.75     0.42505
  75     0.76001     0.43678
  76     0.77003     0.44883
  77     0.78002     0.46118
  78     0.79002     0.47389
  79     0.80003     0.48697
  80     0.81004     0.50042
  81     0.82038     0.51481
  82     0.83001     0.52862
  83     0.84001     0.54343
  84     0.85002     0.55875
  85     0.86001     0.57466
  86     0.87001     0.59113
  87     0.88003      0.6084
  88     0.89003     0.62644
  89     0.90002     0.64528
  90     0.91002     0.66513
  91     0.92006     0.68609
  92     0.93006     0.70826
  93     0.94018     0.73201
  94     0.95002      0.7572
  95     0.96001     0.78537
  96     0.97001     0.81722
  97     0.98001     0.85393
  98     0.99005     0.90075
  99           1           1
-----------------------------------------

----------------- PPP$ and local currency --------------
         PPP used in computation: 8.94021
     Data mean in local currency: 2258.4
               Data mean in PPP$: 337.406
        Poverty line in PPP$/Day: 1.9
      Poverty line in PPP$/Month: 57.7917
  Poverty line in local currency: 386.825
-------------------------------------------------------

----------------- Estimation result --------------
     Number of observation: 22581
          Total population: 1.04176E+08
              Total wealth: 2.63161E+10(PPP$)
                   Minimum: -1633.47(PPP$)
                   Maximum: 38400.5(PPP$)
             Headcount(HC): 0.0482426
          Poverty gap (PG): 0.0224187
       Poverty gap squared: 0.115298
                      Gini: 0.460254
                    Median: 233.727
                       MLD: 0.385756
                      Watt: 0.0168757
--------------------------------------------------

-------------------------------- Income or Consumption share by deciles (%) -------------------------------------
     1.5162     2.9985     4.1029     5.1885     6.3225     7.6417     9.2995     11.623     15.832     35.476
-----------------------------------------------------------------------------------------------------------------


