

**********************************************************************************************
**                                   Basic Information                                      **
**********************************************************************************************

----------------- Dataset Information -----------------
                         Country: Mexico
                    Country dode: MEX
                       Data Year: 2010
                        Coverage: National
             Welfare measurement: Consumption
                     Data format: Unit record
                     Data source: MEX_N2010X
                  Data time span: UnDefined
-------------------------------------------------------


----------- Distribution ------------
   i           P           L 
-------------------------------------
   0     0.01002  0.00078697
   1    0.020001   0.0019689
   2    0.030008    0.003372
   3    0.040022   0.0049575
   4    0.050037    0.006726
   5    0.060221   0.0086935
   6    0.070004    0.010703
   7     0.08025    0.012924
   8    0.090012    0.015152
   9     0.10002    0.017548
  10     0.11001    0.020057
  11     0.12003    0.022679
  12     0.13001    0.025387
  13     0.14002    0.028216
  14     0.15001    0.031146
  15     0.16007    0.034199
  16     0.17008    0.037327
  17     0.18005    0.040534
  18     0.19002    0.043832
  19     0.20001    0.047221
  20     0.21011    0.050731
  21     0.22001    0.054263
  22     0.23008    0.057943
  23     0.24002    0.061672
  24     0.25009    0.065549
  25     0.26011    0.069488
  26     0.27018    0.073536
  27     0.28003    0.077583
  28        0.29    0.081775
  29     0.30007    0.086094
  30     0.31001    0.090456
  31      0.3201     0.09498
  32     0.33001    0.099504
  33     0.34037     0.10432
  34     0.35012     0.10894
  35     0.36001     0.11372
  36     0.37005     0.11866
  37     0.38001     0.12366
  38        0.39     0.12876
  39     0.40005     0.13399
  40     0.41006     0.13931
  41     0.42007     0.14474
  42     0.43005     0.15026
  43     0.44002     0.15589
  44     0.45001     0.16163
  45     0.46007     0.16754
  46     0.47002     0.17351
  47        0.48     0.17961
  48     0.49008     0.18591
  49     0.50001     0.19223
  50     0.51014     0.19881
  51     0.52008     0.20537
  52     0.53004     0.21209
  53     0.54001     0.21892
  54     0.55006     0.22597
  55     0.56003      0.2331
  56     0.57006     0.24041
  57     0.58004     0.24784
  58     0.59001     0.25539
  59     0.60001     0.26312
  60     0.61005     0.27105
  61     0.62002     0.27909
  62     0.63002     0.28732
  63     0.64005     0.29577
  64        0.65     0.30434
  65     0.66002     0.31316
  66     0.67002     0.32217
  67     0.68001     0.33135
  68     0.69004     0.34078
  69     0.70004     0.35039
  70        0.71      0.3602
  71     0.72007     0.37035
  72     0.73003     0.38063
  73        0.74      0.3912
  74     0.75009     0.40216
  75     0.76007     0.41327
  76     0.77004     0.42467
  77     0.78047     0.43697
  78     0.79005     0.44861
  79     0.80002     0.46111
  80     0.81003     0.47408
  81     0.82004     0.48749
  82     0.83001     0.50131
  83     0.84001     0.51567
  84     0.85002     0.53055
  85     0.86001     0.54606
  86     0.87004     0.56235
  87        0.88     0.57921
  88     0.89002     0.59702
  89         0.9      0.6157
  90     0.91003     0.63573
  91     0.92018     0.65733
  92     0.93003     0.67991
  93     0.94003     0.70469
  94     0.95003     0.73197
  95     0.96005     0.76266
  96     0.97002     0.79767
  97     0.98001     0.83931
  98     0.99003     0.89284
  99           1           1
-----------------------------------------

----------------- PPP$ and local currency --------------
         PPP used in computation: 8.94021
     Data mean in local currency: 3058.14
               Data mean in PPP$: 355.048
        Poverty line in PPP$/Day: 1.9
      Poverty line in PPP$/Month: 57.7917
  Poverty line in local currency: 497.778
-------------------------------------------------------

----------------- Estimation result --------------
     Number of observation: 27606
          Total population: 1.35121E+09
              Total wealth: 4.62202E+11(PPP$)
                   Minimum: 2.52488(PPP$)
                   Maximum: 21361.7(PPP$)
             Headcount(HC): 0.0379842
          Poverty gap (PG): 0.00959376
       Poverty gap squared: 0.00381669
                      Gini: 0.481302
                    Median: 228.523
                       MLD: 0.400359
                      Watt: 0.0127758
--------------------------------------------------

-------------------------------- Income or Consumption share by deciles (%) -------------------------------------
     1.7543     2.9674     3.8848       4.79     5.8264     7.0889     8.7237     11.073     15.462      38.43
-----------------------------------------------------------------------------------------------------------------


