

**********************************************************************************************
**                                   Basic Information                                      **
**********************************************************************************************

----------------- Dataset Information -----------------
                         Country: Mexico
                    Country dode: MEX
                       Data Year: 2002
                        Coverage: National
             Welfare measurement: Consumption
                     Data format: Unit record
                     Data source: MEX_N2002X
                  Data time span: UnDefined
-------------------------------------------------------


----------- Distribution ------------
   i           P           L 
-------------------------------------
   0    0.010045  0.00076884
   1    0.020065   0.0018476
   2    0.030716   0.0032253
   3    0.040042   0.0045804
   4     0.05003   0.0061799
   5    0.060122   0.0079368
   6     0.07002   0.0097888
   7    0.080055     0.01178
   8    0.090454    0.013957
   9      0.1001    0.016072
  10     0.11002    0.018346
  11     0.12005    0.020725
  12     0.13007    0.023187
  13      0.1401    0.025755
  14     0.15007    0.028409
  15     0.16002    0.031148
  16     0.17025    0.034068
  17     0.18012     0.03699
  18     0.19002    0.040006
  19     0.20005    0.043143
  20     0.21005     0.04637
  21     0.22005    0.049717
  22     0.23005    0.053157
  23     0.24001    0.056681
  24     0.25005    0.060321
  25        0.26    0.064005
  26     0.27006    0.067821
  27     0.28009    0.071713
  28      0.2901    0.075684
  29     0.30009    0.079744
  30     0.31019     0.08395
  31     0.32013    0.088186
  32     0.33001    0.092512
  33     0.34005     0.09704
  34     0.35006     0.10167
  35     0.36002     0.10635
  36     0.37002     0.11115
  37     0.38026     0.11617
  38        0.39     0.12105
  39     0.40002     0.12617
  40        0.41     0.13138
  41     0.42018     0.13682
  42     0.43001     0.14217
  43     0.44005     0.14776
  44     0.45065     0.15377
  45     0.46003     0.15918
  46     0.47006     0.16506
  47     0.48002     0.17102
  48     0.49001     0.17712
  49     0.50024      0.1835
  50     0.51002     0.18969
  51     0.52001     0.19615
  52     0.53002     0.20277
  53     0.54002     0.20951
  54     0.55001     0.21635
  55     0.56006     0.22335
  56     0.57007     0.23047
  57     0.58006     0.23774
  58     0.59011     0.24521
  59     0.60005     0.25276
  60     0.61006     0.26054
  61     0.62006     0.26849
  62     0.63001     0.27656
  63     0.64001     0.28484
  64     0.65062     0.29383
  65     0.66001     0.30195
  66     0.67003     0.31084
  67        0.68      0.3199
  68     0.69001     0.32924
  69     0.70001     0.33885
  70     0.71001     0.34874
  71     0.72003     0.35885
  72     0.73004     0.36918
  73     0.74001     0.37974
  74        0.75     0.39064
  75     0.76018     0.40204
  76     0.77045     0.41386
  77     0.78004     0.42522
  78     0.79001     0.43734
  79      0.8001     0.45007
  80        0.81     0.46302
  81      0.8201     0.47662
  82     0.83007     0.49055
  83     0.84003     0.50497
  84        0.85     0.51994
  85     0.86002     0.53572
  86     0.87003     0.55228
  87     0.88014     0.56971
  88     0.89002     0.58774
  89     0.90004     0.60713
  90     0.91027     0.62829
  91     0.92005     0.64984
  92     0.93005     0.67334
  93     0.94002     0.69852
  94     0.95052     0.72774
  95     0.96002     0.75755
  96     0.97001     0.79463
  97     0.98002     0.83905
  98     0.99002     0.89806
  99           1           1
-----------------------------------------

----------------- PPP$ and local currency --------------
         PPP used in computation: 8.94021
     Data mean in local currency: 1664.59
               Data mean in PPP$: 271.228
        Poverty line in PPP$/Day: 1.9
      Poverty line in PPP$/Month: 57.7917
  Poverty line in local currency: 354.681
-------------------------------------------------------

----------------- Estimation result --------------
     Number of observation: 17160
          Total population: 1.01522E+08
              Total wealth: 1.89026E+10(PPP$)
                   Minimum: 0(PPP$)
                   Maximum: 83404.4(PPP$)
             Headcount(HC): 0.0880898
          Poverty gap (PG): 0.0249582
       Poverty gap squared: 0.0104164
                      Gini: 0.495372
                    Median: 170.666
                       MLD: 0.427499
                      Watt: 0.0335978
--------------------------------------------------

-------------------------------- Income or Consumption share by deciles (%) -------------------------------------
      1.605     2.7078     3.6581      4.645     5.7186     6.9378     8.6123      11.11     15.712     39.294
-----------------------------------------------------------------------------------------------------------------


