

**********************************************************************************************
**                                   Basic Information                                      **
**********************************************************************************************

----------------- Dataset Information -----------------
                         Country: Mexico
                    Country dode: MEX
                       Data Year: 1994
                        Coverage: National
             Welfare measurement: Income
                     Data format: Unit record
                     Data source: MEX_N1994Y
                  Data time span: UnDefined
-------------------------------------------------------


----------- Distribution ------------
   i           P           L 
-------------------------------------
   0    0.010027  0.00010818
   1    0.020033  0.00067085
   2    0.030004   0.0014887
   3    0.040318   0.0025118
   4     0.05016   0.0036181
   5    0.060047    0.004866
   6    0.070986    0.006399
   7    0.080045   0.0077944
   8    0.090092   0.0094467
   9     0.10006     0.01119
  10        0.11    0.013022
  11     0.12011    0.014962
  12     0.13013    0.016972
  13      0.1404    0.019131
  14     0.15002    0.021229
  15     0.16004    0.023534
  16     0.17009    0.025959
  17     0.18006    0.028458
  18     0.19103    0.031297
  19     0.20003    0.033678
  20     0.21007     0.03641
  21     0.22001    0.039205
  22     0.23032    0.042193
  23     0.24006    0.045104
  24     0.25012    0.048218
  25     0.26023    0.051427
  26     0.27013    0.054675
  27     0.28003     0.05802
  28     0.29001    0.061478
  29     0.30067    0.065286
  30     0.31004    0.068714
  31     0.32006    0.072477
  32     0.33001    0.076301
  33     0.34026    0.080346
  34     0.35004    0.084297
  35      0.3601    0.088449
  36     0.37003     0.09263
  37     0.38003    0.096946
  38     0.39001     0.10137
  39     0.40011     0.10594
  40     0.41001     0.11053
  41        0.42     0.11525
  42     0.43005     0.12009
  43     0.44019      0.1251
  44     0.45002     0.13005
  45     0.46002     0.13521
  46     0.47017      0.1406
  47     0.48024     0.14607
  48      0.4902     0.15161
  49     0.50067     0.15757
  50     0.51014     0.16308
  51     0.52001     0.16896
  52     0.53017     0.17512
  53        0.54     0.18122
  54     0.55016     0.18767
  55     0.56011     0.19414
  56     0.57019     0.20086
  57     0.58008     0.20759
  58     0.59009     0.21457
  59     0.60021     0.22178
  60     0.61004     0.22891
  61     0.62024     0.23647
  62     0.63004     0.24391
  63     0.64034     0.25191
  64     0.65005     0.25968
  65     0.66002     0.26789
  66     0.67023     0.27651
  67     0.68037     0.28529
  68     0.69058     0.29435
  69     0.70005     0.30296
  70     0.71002     0.31231
  71     0.72001     0.32196
  72     0.73062     0.33248
  73     0.74004     0.34207
  74     0.75012     0.35268
  75     0.76001      0.3634
  76     0.77003     0.37461
  77     0.78002     0.38613
  78     0.79012     0.39819
  79     0.80003     0.41041
  80     0.81001      0.4231
  81     0.82003     0.43628
  82     0.83026     0.45025
  83     0.84002     0.46408
  84     0.85007     0.47902
  85     0.86011     0.49471
  86     0.87015     0.51111
  87        0.88     0.52818
  88        0.89     0.54658
  89         0.9     0.56601
  90      0.9101     0.58682
  91        0.92     0.60877
  92     0.93002     0.63263
  93     0.94007     0.65896
  94     0.95013     0.68898
  95     0.96005     0.72305
  96     0.97006     0.76233
  97     0.98002     0.80997
  98     0.99003     0.87397
  99           1           1
-----------------------------------------

----------------- PPP$ and local currency --------------
         PPP used in computation: 8.94021
     Data mean in local currency: 550.531
               Data mean in PPP$: 323.852
        Poverty line in PPP$/Day: 1.9
      Poverty line in PPP$/Month: 57.7917
  Poverty line in local currency: 98.2428
-------------------------------------------------------

----------------- Estimation result --------------
     Number of observation: 11542
          Total population: 8.87134E+07
              Total wealth: 5.4629E+09(PPP$)
                   Minimum: 0(PPP$)
                   Maximum: 3761.23(PPP$)
             Headcount(HC): 0.0992463
          Poverty gap (PG): 0.0373634
       Poverty gap squared: 0.0215489
                      Gini: 0.542996
                    Median: 185.936
                       MLD: 0.567839
                      Watt: 0.0493787
--------------------------------------------------

-------------------------------- Income or Consumption share by deciles (%) -------------------------------------
     1.1178     2.2492     3.1376     4.0847     5.1293     6.4445     8.1286     10.746     15.563       43.4
-----------------------------------------------------------------------------------------------------------------


