

**********************************************************************************************
**                                   Basic Information                                      **
**********************************************************************************************

----------------- Dataset Information -----------------
                         Country: Nicaragua
                    Country dode: NIC
                       Data Year: 2001
                        Coverage: National
             Welfare measurement: Income
                     Data format: Unit record
                     Data source: NIC_N2001Y
                  Data time span: UnDefined
-------------------------------------------------------


----------- Distribution ------------
   i           P           L 
-------------------------------------
   0    0.010002  0.00013618
   1    0.020472  0.00046881
   2    0.030265  0.00094911
   3    0.040414    0.001591
   4    0.050791   0.0023985
   5    0.060173   0.0032307
   6    0.070265    0.004239
   7    0.080103   0.0053719
   8    0.090243   0.0066504
   9     0.10009    0.007979
  10     0.11022   0.0094454
  11     0.12006    0.011015
  12     0.13003    0.012728
  13     0.14008    0.014545
  14     0.15002    0.016445
  15     0.16034     0.01852
  16     0.17019    0.020588
  17     0.18011    0.022749
  18     0.19032    0.025068
  19     0.20044     0.02743
  20     0.21004    0.029741
  21     0.22011    0.032259
  22     0.23024    0.034898
  23     0.24014     0.03755
  24     0.25015    0.040345
  25     0.26054    0.043357
  26     0.27024    0.046243
  27     0.28013    0.049276
  28     0.29023    0.052451
  29     0.30012    0.055648
  30     0.31014    0.058985
  31     0.32023    0.062423
  32     0.33126    0.066283
  33     0.34005      0.0694
  34     0.35007    0.073036
  35     0.36014    0.076802
  36        0.37    0.080586
  37        0.38    0.084505
  38     0.39033    0.088648
  39     0.40001    0.092641
  40     0.41048    0.097093
  41     0.42013     0.10128
  42     0.43003     0.10567
  43     0.44033     0.11035
  44     0.45015     0.11491
  45     0.46011     0.11964
  46     0.47004     0.12447
  47     0.48028      0.1296
  48     0.49003     0.13456
  49     0.50016     0.13985
  50     0.51016     0.14519
  51        0.52     0.15054
  52     0.53024     0.15625
  53     0.54018     0.16194
  54     0.55032     0.16794
  55     0.56006     0.17388
  56     0.57026     0.18027
  57     0.58151     0.18748
  58     0.59007     0.19306
  59     0.60015     0.19976
  60     0.61008     0.20651
  61     0.62094     0.21406
  62     0.63064     0.22095
  63     0.64004      0.2278
  64     0.65048     0.23561
  65     0.66042     0.24325
  66        0.67     0.25082
  67     0.68011     0.25906
  68        0.69     0.26732
  69      0.7001     0.27605
  70     0.71015     0.28498
  71        0.72     0.29396
  72     0.73017     0.30353
  73      0.7402     0.31324
  74     0.75003     0.32301
  75     0.76101     0.33433
  76     0.77026      0.3442
  77     0.78024     0.35522
  78     0.79023     0.36667
  79     0.80031     0.37872
  80     0.81056     0.39149
  81     0.82007     0.40387
  82     0.83011     0.41751
  83      0.8402      0.4318
  84     0.85055     0.44703
  85     0.86205      0.4647
  86     0.87002     0.47735
  87     0.88003       0.494
  88     0.89003     0.51142
  89     0.90008     0.53022
  90      0.9102     0.55069
  91     0.92001     0.57192
  92     0.93004     0.59572
  93     0.94004     0.62147
  94     0.95008     0.65022
  95     0.96031     0.68308
  96     0.97025     0.72055
  97     0.98007     0.76627
  98     0.99002     0.83034
  99           1           1
-----------------------------------------

----------------- PPP$ and local currency --------------
         PPP used in computation: 9.16008
     Data mean in local currency: 997.992
               Data mean in PPP$: 240.801
        Poverty line in PPP$/Day: 1.9
      Poverty line in PPP$/Month: 57.7917
  Poverty line in local currency: 239.516
-------------------------------------------------------

----------------- Estimation result --------------
     Number of observation: 4094
          Total population: 5.19155E+06
              Total wealth: 5.6562E+08(PPP$)
                   Minimum: 0(PPP$)
                   Maximum: 10363.9(PPP$)
             Headcount(HC): 0.205157
          Poverty gap (PG): 0.0861713
       Poverty gap squared: 0.0523516
                      Gini: 0.580346
                    Median: 126.955
                       MLD: 0.654558
                      Watt: 0.144993
--------------------------------------------------

-------------------------------- Income or Consumption share by deciles (%) -------------------------------------
    0.79673     1.9359     2.8282     3.7026     4.7134     5.9893     7.6309     10.239     15.171     46.994
-----------------------------------------------------------------------------------------------------------------


