

**********************************************************************************************
**                                   Basic Information                                      **
**********************************************************************************************

----------------- Dataset Information -----------------
                         Country: Poland
                    Country dode: POL
                       Data Year: 2005
                        Coverage: National
             Welfare measurement: Consumption
                     Data format: Unit record
                     Data source: POL_N2005X
                  Data time span: UnDefined
-------------------------------------------------------


----------- Distribution ------------
   i           P           L 
-------------------------------------
   0    0.010008   0.0017642
   1    0.020018   0.0041217
   2    0.030014   0.0068152
   3    0.040004   0.0097384
   4    0.050022    0.012857
   5    0.060013    0.016144
   6    0.070029    0.019579
   7    0.080044    0.023157
   8    0.090005    0.026851
   9     0.10002    0.030685
  10     0.11004    0.034633
  11     0.12003    0.038696
  12     0.13002    0.042867
  13        0.14    0.047149
  14     0.15001    0.051553
  15     0.16002    0.056063
  16        0.17    0.060667
  17     0.18003    0.065396
  18     0.19003     0.07021
  19         0.2    0.075095
  20     0.21002    0.080095
  21     0.22001    0.085179
  22        0.23    0.090362
  23     0.24002    0.095652
  24     0.25002     0.10102
  25        0.26     0.10648
  26     0.27002     0.11204
  27     0.28001     0.11769
  28        0.29     0.12344
  29     0.30001     0.12929
  30     0.31002     0.13523
  31        0.32     0.14127
  32        0.33     0.14741
  33     0.34003     0.15368
  34     0.35001     0.16002
  35        0.36     0.16646
  36     0.37004     0.17304
  37     0.38001     0.17967
  38        0.39     0.18643
  39     0.40002      0.1933
  40        0.41     0.20027
  41     0.42002     0.20737
  42     0.43004     0.21458
  43     0.44001     0.22187
  44     0.45001     0.22927
  45     0.46004      0.2368
  46     0.47001     0.24441
  47     0.48006     0.25219
  48     0.49001     0.26002
  49     0.50004     0.26801
  50     0.51003     0.27611
  51     0.52001     0.28433
  52     0.53001     0.29269
  53     0.54001     0.30117
  54     0.55002     0.30978
  55     0.56002     0.31853
  56        0.57     0.32738
  57        0.58     0.33638
  58     0.59001     0.34554
  59     0.60005     0.35488
  60     0.61001     0.36428
  61     0.62002     0.37389
  62     0.63002     0.38366
  63     0.64007     0.39364
  64        0.65     0.40366
  65     0.66001     0.41393
  66     0.67001     0.42437
  67     0.68001     0.43498
  68     0.69002     0.44581
  69     0.70002      0.4568
  70     0.71001     0.46799
  71     0.72001     0.47935
  72        0.73     0.49091
  73     0.74001     0.50271
  74        0.75     0.51471
  75     0.76004     0.52697
  76     0.77001     0.53937
  77        0.78     0.55203
  78     0.79001       0.565
  79         0.8     0.57823
  80        0.81     0.59179
  81     0.82002     0.60568
  82     0.83001     0.61983
  83     0.84002     0.63434
  84        0.85     0.64918
  85     0.86002     0.66444
  86     0.87001     0.68012
  87     0.88002     0.69632
  88     0.89002     0.71306
  89     0.90003     0.73036
  90     0.91001     0.74826
  91        0.92     0.76691
  92     0.93002     0.78645
  93     0.94002     0.80704
  94     0.95003     0.82889
  95        0.96      0.8522
  96     0.97004     0.87784
  97     0.98001     0.90624
  98     0.99001     0.94018
  99           1           1
-----------------------------------------

----------------- PPP$ and local currency --------------
         PPP used in computation: 1.93633
     Data mean in local currency: 658.348
               Data mean in PPP$: 408.367
        Poverty line in PPP$/Day: 1.9
      Poverty line in PPP$/Month: 57.7917
  Poverty line in local currency: 93.1688
-------------------------------------------------------

----------------- Estimation result --------------
     Number of observation: 34740
          Total population: 3.77443E+07
              Total wealth: 1.2833E+10(PPP$)
                   Minimum: 24.0245(PPP$)
                   Maximum: 9275.61(PPP$)
             Headcount(HC): 0.0014207
          Poverty gap (PG): 0.000234298
       Poverty gap squared: 5.87941E-05
                      Gini: 0.344926
                    Median: 328.398
                       MLD: 0.197621
                      Watt: 0.000273356
--------------------------------------------------

-------------------------------- Income or Consumption share by deciles (%) -------------------------------------
     3.0676     4.4418     5.4188     6.4007     7.4697     8.6843     10.196     12.145     15.208     26.969
-----------------------------------------------------------------------------------------------------------------


