

**********************************************************************************************
**                                   Basic Information                                      **
**********************************************************************************************

----------------- Dataset Information -----------------
                         Country: Poland
                    Country dode: POL
                       Data Year: 2012
                        Coverage: National
             Welfare measurement: Consumption
                     Data format: Unit record
                     Data source: POL_N2012X
                  Data time span: UnDefined
-------------------------------------------------------


----------- Distribution ------------
   i           P           L 
-------------------------------------
   0    0.010022    0.002039
   1    0.020028   0.0046614
   2    0.030012   0.0075676
   3    0.040046    0.010707
   4    0.050039    0.014031
   5    0.060071     0.01756
   6    0.070012    0.021225
   7    0.080023    0.025071
   8    0.090031    0.029047
   9     0.10004    0.033147
  10     0.11002    0.037359
  11        0.12    0.041694
  12     0.13001    0.046157
  13     0.14004    0.050738
  14     0.15007    0.055425
  15     0.16004    0.060181
  16     0.17002    0.065044
  17     0.18002    0.070032
  18        0.19    0.075109
  19     0.20002     0.08031
  20     0.21001    0.085588
  21     0.22003     0.09098
  22     0.23004    0.096471
  23        0.24     0.10203
  24     0.25001      0.1077
  25     0.26005      0.1135
  26     0.27005     0.11937
  27        0.28     0.12532
  28     0.29001     0.13139
  29     0.30005     0.13757
  30     0.31004     0.14383
  31     0.32003     0.15018
  32     0.33005     0.15664
  33     0.34002     0.16316
  34     0.35003      0.1698
  35     0.36005     0.17655
  36     0.37003     0.18337
  37     0.38001     0.19029
  38     0.39001     0.19732
  39     0.40004     0.20447
  40     0.41006     0.21172
  41     0.42002     0.21901
  42     0.43002     0.22644
  43     0.44002     0.23399
  44     0.45001     0.24164
  45     0.46004     0.24943
  46     0.47004     0.25731
  47     0.48005     0.26531
  48        0.49     0.27338
  49     0.50007     0.28165
  50     0.51001     0.28992
  51     0.52002     0.29837
  52     0.53002     0.30694
  53        0.54      0.3156
  54     0.55001     0.32441
  55        0.56     0.33333
  56        0.57     0.34237
  57     0.58004     0.35156
  58     0.59001     0.36082
  59     0.60001     0.37026
  60     0.61003     0.37985
  61     0.62005     0.38959
  62     0.63002     0.39941
  63        0.64     0.40938
  64     0.65002     0.41953
  65        0.66     0.42979
  66     0.67001     0.44025
  67     0.68002     0.45088
  68     0.69003     0.46167
  69     0.70001     0.47262
  70     0.71003      0.4838
  71     0.72001     0.49512
  72     0.73004     0.50669
  73     0.74001     0.51839
  74     0.75001     0.53033
  75     0.76002     0.54248
  76     0.77004     0.55488
  77        0.78     0.56744
  78     0.79001     0.58028
  79         0.8      0.5934
  80     0.81002     0.60685
  81     0.82001     0.62056
  82        0.83     0.63459
  83     0.84003     0.64899
  84     0.85001     0.66368
  85     0.86007     0.67887
  86     0.87001     0.69429
  87     0.88001     0.71025
  88     0.89001     0.72674
  89     0.90001     0.74374
  90     0.91001     0.76136
  91     0.92005     0.77976
  92        0.93     0.79878
  93     0.94001     0.81891
  94        0.95     0.84024
  95        0.96     0.86313
  96     0.97002     0.88793
  97     0.98001     0.91537
  98     0.99001      0.9479
  99           1           1
-----------------------------------------

----------------- PPP$ and local currency --------------
         PPP used in computation: 1.93633
     Data mean in local currency: 996.584
               Data mean in PPP$: 497
        Poverty line in PPP$/Day: 1.9
      Poverty line in PPP$/Month: 57.7917
  Poverty line in local currency: 115.884
-------------------------------------------------------

----------------- Estimation result --------------
     Number of observation: 37388
          Total population: 3.76874E+07
              Total wealth: 1.93969E+10(PPP$)
                   Minimum: 44.1221(PPP$)
                   Maximum: 14504.9(PPP$)
             Headcount(HC): 0.000191032
          Poverty gap (PG): 3.33694E-05
       Poverty gap squared: 6.3399E-06
                      Gini: 0.323913
                    Median: 410.841
                       MLD: 0.172931
                      Watt: 3.70469E-05
--------------------------------------------------

-------------------------------- Income or Consumption share by deciles (%) -------------------------------------
     3.3132     4.7168     5.7242     6.6897     7.7155      8.865     10.237     12.078     15.033     25.627
-----------------------------------------------------------------------------------------------------------------


