

**********************************************************************************************
**                                   Basic Information                                      **
**********************************************************************************************

----------------- Dataset Information -----------------
                         Country: Poland
                    Country dode: POL
                       Data Year: 2011
                        Coverage: National
             Welfare measurement: Consumption
                     Data format: Unit record
                     Data source: POL_N2011X
                  Data time span: UnDefined
-------------------------------------------------------


----------- Distribution ------------
   i           P           L 
-------------------------------------
   0    0.010009   0.0019581
   1    0.020088   0.0045072
   2    0.030051   0.0073587
   3    0.040035    0.010454
   4    0.050019    0.013732
   5    0.060058    0.017201
   6    0.070089    0.020834
   7    0.080047    0.024579
   8     0.09005    0.028483
   9     0.10001    0.032501
  10     0.11003     0.03665
  11     0.12001    0.040901
  12     0.13003    0.045278
  13     0.14001    0.049738
  14     0.15003    0.054339
  15     0.16003    0.059029
  16     0.17007    0.063849
  17     0.18006    0.068757
  18     0.19007    0.073781
  19     0.20004    0.078879
  20     0.21001    0.084077
  21        0.22    0.089393
  22     0.23003    0.094833
  23     0.24001     0.10034
  24        0.25     0.10596
  25     0.26002     0.11168
  26     0.27001     0.11748
  27     0.28001     0.12337
  28     0.29002     0.12938
  29         0.3     0.13546
  30        0.31     0.14165
  31     0.32001     0.14795
  32     0.33003     0.15436
  33     0.34002     0.16085
  34     0.35001     0.16745
  35     0.36004     0.17416
  36     0.37001     0.18092
  37     0.38008     0.18787
  38     0.39002     0.19483
  39     0.40001     0.20193
  40     0.41001     0.20914
  41     0.42001     0.21646
  42     0.43005     0.22391
  43     0.44002     0.23143
  44     0.45001     0.23906
  45        0.46     0.24681
  46        0.47     0.25468
  47     0.48002     0.26267
  48     0.49001     0.27076
  49     0.50001     0.27898
  50        0.51     0.28731
  51     0.52002     0.29579
  52        0.53     0.30435
  53     0.54004     0.31307
  54     0.55002     0.32186
  55     0.56002     0.33079
  56     0.57001     0.33986
  57     0.58001     0.34906
  58     0.59004     0.35843
  59     0.60004     0.36791
  60        0.61     0.37746
  61     0.62003     0.38722
  62     0.63001     0.39706
  63     0.64001     0.40707
  64     0.65002     0.41724
  65     0.66001     0.42755
  66     0.67001     0.43803
  67     0.68001     0.44867
  68     0.69001     0.45948
  69     0.70003     0.47049
  70        0.71     0.48163
  71     0.72002     0.49301
  72     0.73001     0.50454
  73     0.74006     0.51634
  74        0.75     0.52824
  75     0.76003     0.54043
  76        0.77     0.55278
  77     0.78001      0.5654
  78     0.79002     0.57828
  79     0.80001     0.59139
  80     0.81001     0.60479
  81     0.82001     0.61851
  82     0.83002     0.63253
  83     0.84001     0.64686
  84     0.85001     0.66156
  85     0.86002     0.67664
  86     0.87001      0.6921
  87        0.88     0.70803
  88     0.89001      0.7245
  89     0.90001     0.74151
  90        0.91     0.75912
  91     0.92002     0.77746
  92     0.93001      0.7966
  93        0.94     0.81669
  94     0.95001     0.83793
  95     0.96002     0.86072
  96     0.97001     0.88547
  97     0.98001     0.91322
  98        0.99     0.94577
  99           1           1
-----------------------------------------

----------------- PPP$ and local currency --------------
         PPP used in computation: 1.93633
     Data mean in local currency: 968.16
               Data mean in PPP$: 499.999
        Poverty line in PPP$/Day: 1.9
      Poverty line in PPP$/Month: 57.7917
  Poverty line in local currency: 111.903
-------------------------------------------------------

----------------- Estimation result --------------
     Number of observation: 37340
          Total population: 3.77232E+07
              Total wealth: 1.88615E+10(PPP$)
                   Minimum: 30.9638(PPP$)
                   Maximum: 16979.8(PPP$)
             Headcount(HC): 0.000230382
          Poverty gap (PG): 2.20305E-05
       Poverty gap squared: 5.13998E-06
                      Gini: 0.327763
                    Median: 414.172
                       MLD: 0.177795
                      Watt: 2.56261E-05
--------------------------------------------------

-------------------------------- Income or Consumption share by deciles (%) -------------------------------------
     3.2497     4.6363     5.6597     6.6465     7.7047     8.8896     10.259     12.092     15.012      25.85
-----------------------------------------------------------------------------------------------------------------


