

**********************************************************************************************
**                                   Basic Information                                      **
**********************************************************************************************

----------------- Dataset Information -----------------
                         Country: Poland
                    Country dode: POL
                       Data Year: 2004
                        Coverage: National
             Welfare measurement: Consumption
                     Data format: Unit record
                     Data source: POL_N2004X
                  Data time span: UnDefined
-------------------------------------------------------


----------- Distribution ------------
   i           P           L 
-------------------------------------
   0    0.010004   0.0016664
   1    0.020023   0.0038539
   2    0.030039   0.0063158
   3    0.040069   0.0090041
   4    0.050054     0.01186
   5    0.060033     0.01488
   6     0.07002    0.018055
   7    0.080052    0.021387
   8     0.09002    0.024842
   9     0.10003     0.02845
  10     0.11001     0.03217
  11     0.12003    0.036039
  12     0.13003    0.040011
  13     0.14001    0.044093
  14     0.15005      0.0483
  15     0.16001    0.052581
  16     0.17004    0.056999
  17     0.18001    0.061497
  18     0.19003    0.066128
  19     0.20003    0.070847
  20     0.21003    0.075664
  21     0.22001    0.080568
  22     0.23003    0.085581
  23     0.24003    0.090682
  24     0.25002    0.095886
  25     0.26002      0.1012
  26     0.27003     0.10661
  27     0.28004     0.11211
  28     0.29001      0.1177
  29     0.30001     0.12341
  30     0.31001     0.12921
  31     0.32003     0.13513
  32     0.33004     0.14114
  33     0.34003     0.14725
  34     0.35001     0.15347
  35     0.36001     0.15981
  36     0.37003     0.16627
  37        0.38      0.1728
  38     0.39003     0.17947
  39     0.40003     0.18624
  40     0.41002      0.1931
  41     0.42005     0.20012
  42     0.43001     0.20719
  43     0.44003     0.21441
  44     0.45001     0.22173
  45        0.46     0.22917
  46     0.47002     0.23675
  47     0.48001     0.24443
  48     0.49001     0.25224
  49         0.5     0.26016
  50        0.51     0.26821
  51        0.52     0.27639
  52     0.53001     0.28471
  53     0.54001     0.29315
  54     0.55001     0.30172
  55        0.56     0.31044
  56     0.57001      0.3193
  57     0.58001     0.32829
  58     0.59001     0.33744
  59         0.6     0.34676
  60     0.61001     0.35624
  61     0.62004     0.36592
  62        0.63     0.37571
  63     0.64002     0.38573
  64     0.65001     0.39588
  65     0.66003     0.40624
  66     0.67003     0.41675
  67     0.68002     0.42744
  68     0.69002     0.43833
  69     0.70001     0.44941
  70     0.71002     0.46071
  71     0.72001     0.47222
  72     0.73001     0.48395
  73     0.74004     0.49596
  74     0.75002     0.50815
  75     0.76003     0.52061
  76     0.77001     0.53328
  77     0.78001     0.54625
  78     0.79003     0.55957
  79     0.80001     0.57312
  80     0.81004     0.58708
  81     0.82003     0.60132
  82     0.83001     0.61587
  83     0.84002     0.63083
  84     0.85001     0.64613
  85        0.86     0.66187
  86     0.87003     0.67811
  87        0.88     0.69478
  88     0.89001     0.71209
  89         0.9     0.72993
  90        0.91     0.74847
  91     0.92002     0.76779
  92     0.93001     0.78789
  93     0.94001     0.80899
  94        0.95     0.83127
  95        0.96     0.85509
  96     0.97001     0.88094
  97     0.98001     0.90947
  98     0.99001     0.94304
  99           1           1
-----------------------------------------

----------------- PPP$ and local currency --------------
         PPP used in computation: 1.93633
     Data mean in local currency: 718.714
               Data mean in PPP$: 455.205
        Poverty line in PPP$/Day: 1.9
      Poverty line in PPP$/Month: 57.7917
  Poverty line in local currency: 91.2462
-------------------------------------------------------

----------------- Estimation result --------------
     Number of observation: 32187
          Total population: 3.77576E+07
              Total wealth: 1.40147E+10(PPP$)
                   Minimum: 19.8913(PPP$)
                   Maximum: 12244.3(PPP$)
             Headcount(HC): 0.00103568
          Poverty gap (PG): 0.000152667
       Poverty gap squared: 3.93312E-05
                      Gini: 0.354261
                    Median: 363.609
                       MLD: 0.209371
                      Watt: 0.000179612
--------------------------------------------------

-------------------------------- Income or Consumption share by deciles (%) -------------------------------------
      2.844     4.2392     5.2569     6.2817      7.394     8.6593     10.264     12.372     15.681     27.008
-----------------------------------------------------------------------------------------------------------------


