

**********************************************************************************************
**                                   Basic Information                                      **
**********************************************************************************************

----------------- Dataset Information -----------------
                         Country: Romania
                    Country dode: ROU
                       Data Year: 2009
                        Coverage: National
             Welfare measurement: Income
                     Data format: Unit record
                     Data source: ROU_N2009Y
                  Data time span: UnDefined
-------------------------------------------------------


----------- Distribution ------------
   i           P           L 
-------------------------------------
   0    0.010016  0.00088583
   1    0.020125   0.0022535
   2    0.030113   0.0038213
   3    0.040324   0.0056963
   4    0.050003   0.0076542
   5     0.06016   0.0099396
   6    0.070278     0.01245
   7     0.08062    0.015227
   8    0.090248    0.017954
   9     0.10019    0.020948
  10     0.11042    0.024236
  11     0.12007    0.027561
  12     0.13028    0.031211
  13     0.14017    0.034868
  14     0.15044    0.038827
  15     0.16003    0.042672
  16     0.17025    0.046975
  17     0.18009    0.051304
  18     0.19013     0.05585
  19     0.20088    0.060848
  20     0.21014      0.0653
  21     0.22009    0.070195
  22     0.23041     0.07539
  23     0.24015    0.080405
  24     0.25001    0.085622
  25     0.26004    0.091077
  26      0.2703    0.096785
  27     0.28012     0.10236
  28     0.29007      0.1081
  29     0.30011     0.11402
  30     0.31023     0.12011
  31     0.32034     0.12633
  32     0.33003      0.1324
  33     0.34009     0.13881
  34     0.35003     0.14525
  35     0.36024     0.15197
  36     0.37011     0.15859
  37     0.38004     0.16534
  38     0.39015     0.17236
  39     0.40011      0.1794
  40     0.41008     0.18657
  41     0.42003     0.19384
  42     0.43016     0.20137
  43     0.44012     0.20889
  44     0.45022     0.21666
  45     0.46012     0.22442
  46     0.47004     0.23235
  47     0.48041     0.24078
  48     0.49053     0.24912
  49     0.50024     0.25726
  50     0.51035     0.26587
  51      0.5203      0.2745
  52     0.53001     0.28308
  53     0.54056     0.29257
  54     0.55004     0.30122
  55     0.56001     0.31046
  56     0.57005     0.31993
  57     0.58015     0.32963
  58     0.59084     0.34012
  59      0.6001      0.3493
  60     0.61028     0.35957
  61       0.621     0.37053
  62     0.63061     0.38053
  63     0.64034     0.39085
  64     0.65044     0.40179
  65     0.66003     0.41238
  66     0.67026     0.42384
  67      0.6801     0.43502
  68     0.69006     0.44648
  69     0.70028     0.45845
  70     0.71059     0.47075
  71     0.72003     0.48221
  72     0.73015     0.49475
  73     0.74006      0.5073
  74     0.75008     0.52016
  75     0.76035     0.53359
  76     0.77005     0.54647
  77     0.78025     0.56024
  78     0.79011     0.57386
  79     0.80013     0.58791
  80     0.81006     0.60213
  81     0.82005     0.61672
  82     0.83018     0.63182
  83     0.84009     0.64692
  84     0.85015     0.66262
  85     0.86001     0.67836
  86     0.87002     0.69472
  87     0.88022     0.71172
  88     0.89022     0.72875
  89         0.9      0.7459
  90     0.91008     0.76415
  91     0.92021     0.78321
  92     0.93011     0.80272
  93     0.94011     0.82348
  94     0.95002     0.84516
  95     0.96004     0.86855
  96     0.97018     0.89418
  97     0.98001     0.92121
  98     0.99017     0.95376
  99           1           1
-----------------------------------------

----------------- PPP$ and local currency --------------
         PPP used in computation: 2.00052
     Data mean in local currency: 546.666
               Data mean in PPP$: 306.696
        Poverty line in PPP$/Day: 1.9
      Poverty line in PPP$/Month: 57.7917
  Poverty line in local currency: 103.01
-------------------------------------------------------

----------------- Estimation result --------------
     Number of observation: 6352
          Total population: 2.14041E+07
              Total wealth: 5.84894E+09(PPP$)
                   Minimum: -10.4136(PPP$)
                   Maximum: 5142.19(PPP$)
             Headcount(HC): 0.0372259
          Poverty gap (PG): 0.0101623
       Poverty gap squared: 0.00417521
                      Gini: 0.352429
                    Median: 258.587
                       MLD: 0.228192
                      Watt: 0.0133177
--------------------------------------------------

-------------------------------- Income or Consumption share by deciles (%) -------------------------------------
     2.0889     3.9551     5.3519      6.536     7.7738      9.215     10.891     12.961     15.816      25.41
-----------------------------------------------------------------------------------------------------------------


