

**********************************************************************************************
**                                   Basic Information                                      **
**********************************************************************************************

----------------- Dataset Information -----------------
                         Country: Romania
                    Country dode: ROU
                       Data Year: 2011
                        Coverage: National
             Welfare measurement: Income
                     Data format: Unit record
                     Data source: ROU_N2011Y
                  Data time span: UnDefined
-------------------------------------------------------


----------- Distribution ------------
   i           P           L 
-------------------------------------
   0    0.010065  0.00016674
   1    0.020563    0.001082
   2    0.030491   0.0023256
   3    0.041263   0.0040109
   4    0.050323   0.0056647
   5    0.060504   0.0077304
   6    0.070215    0.009901
   7    0.080075    0.012355
   8    0.090056    0.014993
   9     0.10024    0.017867
  10     0.11021    0.020865
  11        0.12    0.024011
  12     0.13006    0.027433
  13     0.14027     0.03104
  14     0.15028    0.034706
  15     0.16038    0.038561
  16     0.17017    0.042472
  17     0.18024    0.046666
  18     0.19031    0.051041
  19     0.20055     0.05566
  20     0.21038    0.060192
  21      0.2206    0.065043
  22     0.23042    0.069855
  23     0.24027    0.074823
  24     0.25003    0.079888
  25      0.2601    0.085242
  26      0.2701    0.090696
  27     0.28011     0.09631
  28     0.29074      0.1024
  29     0.30001     0.10782
  30     0.31004     0.11383
  31     0.32065     0.12036
  32     0.33024     0.12638
  33     0.34001     0.13264
  34     0.35005      0.1392
  35     0.36049     0.14621
  36     0.37003     0.15271
  37     0.38031     0.15982
  38        0.39     0.16666
  39     0.40004     0.17389
  40      0.4102     0.18134
  41     0.42023     0.18884
  42     0.43003      0.1963
  43     0.44051     0.20441
  44     0.45022     0.21207
  45     0.46024     0.22008
  46     0.47106     0.22889
  47     0.48009     0.23635
  48     0.49012     0.24476
  49     0.50007     0.25326
  50     0.51008     0.26192
  51     0.52007      0.2707
  52     0.53003     0.27959
  53     0.54018     0.28881
  54     0.55008     0.29796
  55     0.56004      0.3073
  56     0.57005     0.31691
  57     0.58001     0.32669
  58     0.59008     0.33673
  59     0.60004     0.34688
  60     0.61028     0.35749
  61     0.62032     0.36807
  62     0.63056     0.37906
  63     0.64011     0.38953
  64     0.65003      0.4006
  65        0.66     0.41194
  66        0.67     0.42353
  67     0.68034     0.43571
  68     0.69022     0.44757
  69     0.70019      0.4597
  70     0.71009     0.47197
  71     0.72045     0.48501
  72     0.73005     0.49729
  73     0.74001     0.51025
  74     0.75004     0.52356
  75     0.76011      0.5372
  76      0.7702     0.55114
  77     0.78037     0.56544
  78      0.7901     0.57943
  79     0.80025     0.59425
  80     0.81081     0.60997
  81     0.82002     0.62389
  82     0.83003      0.6393
  83     0.84001     0.65494
  84     0.85011     0.67108
  85     0.86042     0.68784
  86     0.87013     0.70395
  87     0.88002     0.72075
  88     0.89011     0.73832
  89     0.90007     0.75628
  90     0.91027      0.7753
  91      0.9201     0.79417
  92     0.93005     0.81411
  93     0.94003     0.83498
  94     0.95004     0.85689
  95     0.96002     0.87963
  96     0.97022     0.90428
  97     0.98011     0.92995
  98     0.99004     0.95922
  99           1           1
-----------------------------------------

----------------- PPP$ and local currency --------------
         PPP used in computation: 2.00052
     Data mean in local currency: 553.628
               Data mean in PPP$: 276.743
        Poverty line in PPP$/Day: 1.9
      Poverty line in PPP$/Month: 57.7917
  Poverty line in local currency: 115.613
-------------------------------------------------------

----------------- Estimation result --------------
     Number of observation: 5778
          Total population: 2.14085E+07
              Total wealth: 5.92465E+09(PPP$)
                   Minimum: -14.579(PPP$)
                   Maximum: 4057.29(PPP$)
             Headcount(HC): 0.0575449
          Poverty gap (PG): 0.0235309
       Poverty gap squared: 0.0147677
                      Gini: 0.353319
                    Median: 238.019
                       MLD: 0.265827
                      Watt: 0.034662
--------------------------------------------------

-------------------------------- Income or Consumption share by deciles (%) -------------------------------------
       1.78     3.7613     5.2398     6.6043     7.9345     9.3632     11.263     13.443     16.226     24.385
-----------------------------------------------------------------------------------------------------------------


