

**********************************************************************************************
**                                   Basic Information                                      **
**********************************************************************************************

----------------- Dataset Information -----------------
                         Country: Slovak Republic
                    Country dode: SVK
                       Data Year: 2004
                        Coverage: National
             Welfare measurement: Consumption
                     Data format: Unit record
                     Data source: SVK_N2004X
                  Data time span: UnDefined
-------------------------------------------------------


----------- Distribution ------------
   i           P           L 
-------------------------------------
   0    0.010533   0.0023378
   1    0.020099   0.0052459
   2    0.030227   0.0086982
   3    0.040035    0.012281
   4    0.050344    0.016306
   5    0.060275    0.020383
   6    0.070037    0.024546
   7    0.080007    0.028958
   8     0.09019    0.033625
   9     0.10016    0.038305
  10     0.11001    0.043041
  11     0.12029    0.048117
  12     0.13012    0.053096
  13      0.1402    0.058313
  14     0.15011    0.063524
  15     0.16005    0.068867
  16     0.17024    0.074431
  17     0.18036    0.080073
  18     0.19017    0.085645
  19     0.20021    0.091431
  20     0.21014    0.097247
  21     0.22011     0.10319
  22     0.23019     0.10929
  23     0.24028     0.11549
  24     0.25004     0.12159
  25     0.26026     0.12809
  26      0.2706     0.13477
  27     0.28001     0.14093
  28     0.29041     0.14783
  29     0.30006     0.15432
  30     0.31005     0.16112
  31     0.32022     0.16813
  32     0.33019     0.17511
  33     0.34011     0.18214
  34      0.3502     0.18939
  35     0.36013     0.19658
  36     0.37007     0.20387
  37     0.38002     0.21127
  38     0.39015      0.2189
  39     0.40003      0.2264
  40     0.41033      0.2343
  41     0.42002     0.24183
  42     0.43035     0.24994
  43     0.44031     0.25786
  44     0.45008     0.26571
  45     0.46013     0.27386
  46     0.47038     0.28228
  47     0.48021     0.29045
  48     0.49005     0.29874
  49     0.50006     0.30725
  50     0.51012     0.31592
  51     0.52003     0.32455
  52     0.53039     0.33366
  53     0.54019     0.34239
  54     0.55015     0.35135
  55     0.56058     0.36084
  56     0.57013     0.36963
  57     0.58002     0.37883
  58     0.59014     0.38837
  59     0.60016     0.39792
  60     0.61018      0.4076
  61     0.62009     0.41727
  62     0.63006     0.42712
  63     0.64011     0.43718
  64     0.65007     0.44726
  65     0.66009     0.45752
  66     0.67004     0.46782
  67     0.68005     0.47832
  68     0.69005     0.48894
  69      0.7001     0.49976
  70     0.71006     0.51062
  71     0.72013     0.52175
  72      0.7301     0.53294
  73     0.74013     0.54439
  74     0.75019     0.55611
  75      0.7603     0.56808
  76     0.77002     0.57979
  77     0.78035     0.59242
  78      0.7901     0.60453
  79     0.80002     0.61703
  80     0.81016     0.62996
  81     0.82011     0.64291
  82     0.83007     0.65609
  83     0.84006     0.66959
  84     0.85012     0.68345
  85     0.86003     0.69733
  86     0.87003     0.71164
  87     0.88007      0.7265
  88     0.89005     0.74174
  89     0.90027     0.75787
  90      0.9101     0.77403
  91     0.92014     0.79118
  92     0.93023     0.80916
  93     0.94006      0.8275
  94        0.95     0.84704
  95     0.96024      0.8686
  96     0.97006     0.89094
  97     0.98003     0.91618
  98     0.99024     0.94688
  99           1           1
-----------------------------------------

----------------- PPP$ and local currency --------------
         PPP used in computation: 0.567074
     Data mean in local currency: 185.694
               Data mean in PPP$: 402.66
        Poverty line in PPP$/Day: 1.9
      Poverty line in PPP$/Month: 57.7917
  Poverty line in local currency: 26.6516
-------------------------------------------------------

----------------- Estimation result --------------
     Number of observation: 4602
          Total population: 5.47252E+06
              Total wealth: 1.79203E+09(PPP$)
                   Minimum: 41.0996(PPP$)
                   Maximum: 5548.3(PPP$)
             Headcount(HC): 0.000750205
          Poverty gap (PG): 7.95396E-05
       Poverty gap squared: 8.47143E-06
                      Gini: 0.289374
                    Median: 344.288
                       MLD: 0.140182
                      Watt: 8.41043E-05
--------------------------------------------------

-------------------------------- Income or Consumption share by deciles (%) -------------------------------------
     3.8228     5.3083     6.2966     7.2101     8.0822     9.0567     10.188     11.734     14.046     24.255
-----------------------------------------------------------------------------------------------------------------


