

**********************************************************************************************
**                                   Basic Information                                      **
**********************************************************************************************

----------------- Dataset Information -----------------
                         Country: Slovak Republic
                    Country dode: SVK
                       Data Year: 2009
                        Coverage: National
             Welfare measurement: Consumption
                     Data format: Unit record
                     Data source: SVK_N2009X
                  Data time span: UnDefined
-------------------------------------------------------


----------- Distribution ------------
   i           P           L 
-------------------------------------
   0    0.010157   0.0029352
   1    0.020255   0.0065727
   2    0.030185    0.010492
   3    0.040424     0.01479
   4    0.050749    0.019379
   5    0.060007     0.02366
   6    0.070018    0.028442
   7     0.08001    0.033317
   8    0.090253    0.038454
   9     0.10008    0.043512
  10     0.11003     0.04876
  11     0.12004    0.054169
  12     0.13034    0.059836
  13      0.1402    0.065373
  14     0.15002    0.070992
  15     0.16011     0.07687
  16      0.1703    0.082883
  17     0.18035    0.088899
  18     0.19027    0.094926
  19     0.20026     0.10107
  20     0.21042     0.10738
  21     0.22008     0.11349
  22     0.23013     0.11994
  23     0.24009     0.12645
  24     0.25038     0.13326
  25     0.26027     0.13987
  26     0.27017     0.14659
  27     0.28003     0.15335
  28     0.29045     0.16058
  29     0.30041     0.16757
  30     0.31043     0.17471
  31     0.32037     0.18187
  32     0.33009     0.18894
  33     0.34007     0.19629
  34     0.35006      0.2037
  35      0.3602      0.2113
  36      0.3701     0.21877
  37     0.38037      0.2266
  38     0.39019     0.23417
  39     0.40006     0.24187
  40     0.41017     0.24987
  41     0.42008     0.25783
  42     0.43005     0.26593
  43     0.44011     0.27419
  44     0.45003     0.28242
  45     0.46005     0.29082
  46     0.47005     0.29929
  47     0.48021       0.308
  48     0.49013     0.31658
  49     0.50006     0.32527
  50     0.51022     0.33424
  51     0.52024     0.34316
  52     0.53014     0.35206
  53     0.54004     0.36108
  54     0.55017      0.3704
  55     0.56025     0.37979
  56     0.57011     0.38909
  57     0.58019     0.39869
  58     0.59017     0.40828
  59     0.60029     0.41811
  60     0.61011     0.42773
  61     0.62003     0.43758
  62     0.63013     0.44771
  63     0.64009     0.45781
  64     0.65025     0.46825
  65     0.66013     0.47851
  66     0.67024     0.48911
  67     0.68008     0.49953
  68     0.69003     0.51019
  69     0.70016     0.52119
  70     0.71008     0.53208
  71     0.72016     0.54329
  72     0.73009     0.55449
  73     0.74015     0.56599
  74     0.75023     0.57766
  75     0.76006     0.58921
  76     0.77036     0.60145
  77     0.78021     0.61333
  78     0.79006      0.6254
  79     0.80036     0.63822
  80      0.8102     0.65072
  81     0.82022     0.66365
  82     0.83006     0.67656
  83     0.84005     0.68989
  84      0.8503     0.70381
  85     0.86007     0.71739
  86     0.87003     0.73147
  87     0.88023     0.74622
  88     0.89004     0.76077
  89     0.90022     0.77622
  90      0.9102     0.79181
  91     0.92006      0.8077
  92     0.93002     0.82442
  93     0.94021     0.84217
  94     0.95001     0.85995
  95     0.96011     0.87961
  96     0.97005     0.90064
  97     0.98005       0.924
  98     0.99002     0.95141
  99           1           1
-----------------------------------------

----------------- PPP$ and local currency --------------
         PPP used in computation: 0.567074
     Data mean in local currency: 263.709
               Data mean in PPP$: 487.885
        Poverty line in PPP$/Day: 1.9
      Poverty line in PPP$/Month: 57.7917
  Poverty line in local currency: 31.2372
-------------------------------------------------------

----------------- Estimation result --------------
     Number of observation: 4676
          Total population: 5.41837E+06
              Total wealth: 2.51973E+09(PPP$)
                   Minimum: 93.2792(PPP$)
                   Maximum: 7757(PPP$)
             Headcount(HC): 0
          Poverty gap (PG): 0
       Poverty gap squared: 0
                      Gini: 0.260161
                    Median: 429.018
                       MLD: 0.112624
                      Watt: 0
--------------------------------------------------

-------------------------------- Income or Consumption share by deciles (%) -------------------------------------
     4.3471     5.7435     6.6378     7.4539     8.3395      9.261     10.318     11.677     13.811     22.411
-----------------------------------------------------------------------------------------------------------------


