

**********************************************************************************************
**                                   Basic Information                                      **
**********************************************************************************************

----------------- Dataset Information -----------------
                         Country: Slovak Republic
                    Country dode: SVK
                       Data Year: 2007
                        Coverage: National
             Welfare measurement: Income
                     Data format: Unit record
                     Data source: SVK_N2007Y
                  Data time span: UnDefined
-------------------------------------------------------


----------- Distribution ------------
   i           P           L 
-------------------------------------
   0    0.010013  0.00069543
   1    0.020132   0.0028477
   2    0.030119   0.0058346
   3     0.04001   0.0091608
   4    0.050092    0.012998
   5    0.060123    0.017154
   6    0.070081    0.021492
   7    0.080106    0.026065
   8    0.090097    0.030841
   9     0.10001    0.035774
  10      0.1101    0.040969
  11     0.12009      0.0463
  12     0.13002    0.051762
  13     0.14012    0.057524
  14     0.15011    0.063349
  15     0.16002     0.06926
  16      0.1701    0.075383
  17     0.18004    0.081605
  18     0.19012    0.088046
  19     0.20024    0.094644
  20     0.21017     0.10121
  21     0.22008     0.10789
  22     0.23004     0.11473
  23     0.24007     0.12171
  24      0.2501      0.1288
  25     0.26001     0.13589
  26     0.27017     0.14326
  27     0.28015     0.15061
  28     0.29012     0.15806
  29     0.30002     0.16555
  30     0.31007     0.17324
  31     0.32004     0.18094
  32     0.33009     0.18878
  33     0.34017     0.19674
  34     0.35002     0.20462
  35     0.36009     0.21277
  36     0.37002     0.22088
  37     0.38027     0.22936
  38     0.39032     0.23776
  39      0.4002     0.24608
  40     0.41009     0.25449
  41     0.42004     0.26305
  42     0.43029     0.27198
  43     0.44023     0.28072
  44     0.45017     0.28953
  45     0.46019      0.2985
  46     0.47003     0.30738
  47     0.48002     0.31645
  48     0.49001      0.3256
  49     0.50002     0.33483
  50     0.51013     0.34421
  51     0.52016     0.35359
  52     0.53027     0.36312
  53     0.54008     0.37245
  54     0.55016     0.38213
  55     0.56015     0.39179
  56     0.57006     0.40149
  57     0.58009      0.4114
  58     0.59011     0.42138
  59         0.6     0.43133
  60     0.61013      0.4416
  61     0.62016     0.45187
  62     0.63004     0.46208
  63     0.64005      0.4725
  64     0.65002     0.48295
  65      0.6601     0.49363
  66     0.67009     0.50433
  67     0.68016     0.51522
  68     0.69002     0.52596
  69         0.7     0.53693
  70     0.71004     0.54812
  71     0.72005     0.55938
  72     0.73008     0.57079
  73     0.74008     0.58232
  74     0.75025     0.59417
  75     0.76003     0.60571
  76        0.77     0.61764
  77     0.78025     0.63005
  78     0.79021     0.64228
  79      0.8001     0.65458
  80     0.81004     0.66711
  81     0.82019      0.6801
  82     0.83004     0.69296
  83     0.84013     0.70639
  84      0.8502     0.72007
  85     0.86018      0.7339
  86     0.87003     0.74788
  87     0.88005     0.76236
  88     0.89005     0.77711
  89      0.9001     0.79234
  90     0.91028     0.80827
  91      0.9202     0.82411
  92        0.93      0.8403
  93     0.94024     0.85785
  94     0.95005     0.87531
  95     0.96015     0.89412
  96        0.97     0.91361
  97      0.9801     0.93522
  98     0.99009     0.95976
  99           1           1
-----------------------------------------

----------------- PPP$ and local currency --------------
         PPP used in computation: 0.567074
     Data mean in local currency: 313.967
               Data mean in PPP$: 617.389
        Poverty line in PPP$/Day: 1.9
      Poverty line in PPP$/Month: 57.7917
  Poverty line in local currency: 29.3894
-------------------------------------------------------

----------------- Estimation result --------------
     Number of observation: 5427
          Total population: 5.40697E+06
              Total wealth: 2.99363E+09(PPP$)
                   Minimum: -323.704(PPP$)
                   Maximum: 10848(PPP$)
             Headcount(HC): 0.00372119
          Poverty gap (PG): 0.00527869
       Poverty gap squared: 0.0216986
                      Gini: 0.247407
                    Median: 571.283
                       MLD: 0.123958
                      Watt: 0.0034925
--------------------------------------------------

-------------------------------- Income or Consumption share by deciles (%) -------------------------------------
     3.5769     5.8717     7.1052     8.0375     8.8894     9.6515     10.561     11.751     13.775      20.78
-----------------------------------------------------------------------------------------------------------------


